epsilon=8.854*10^-12;
epsilpon*10^12*pi*0.1^2